e54
1	2	0	5	4	12	9	24	24	19	25	44	47	35	54	67	45	68	69	73	59	94	95	83	107	112	110	139	137	163	144	160	184	168	185	181	200	194	207	197	209	214	211	212	225	222	234	232	240	238	244	242	245	246
0	1	4	2	9	5	19	12	25	35	44	45	24	54	59	66	68	69	67	47	83	73	94	107	110	95	137	112	160	139	168	181	163	185	194	197	184	207	209	211	212	200	222	222	214	232	225	238	234	242	240	245	246	244
0	0	0	0	0	0	0	0	0	0	0	0	0	0	0	0	0	0	0	0	0	0	0	0	0	0	0	0	0	0	0	0	0	0	0	0	0	0	0	0	0	0	0	0	0	0	0	0	0	0	0	0	0	0
0	0	0	0	0	0	0	0	0	0	0	0	0	0	0	0	0	0	0	0	0	0	0	0	0	0	0	0	0	0	0	0	0	0	0	0	0	0	0	0	0	0	0	0	0	0	0	0	0	0	0	0	0	0
2	2	1	2	1	2	1	2	4	1	4	4	2	1	1	4	4	4	4	2	1	2	2	1	1	2	1	9	3	9	7	3	9	7	7	3	9	7	7	3	7	9	3	7	9	3	9	3	9	3	9	3	3	9
0	0	0	0	0	0	0	0	0	0	0	0	0	0	0	0	0	0	0	0	0	0	0	0	0	0	0	0	0	0	0	0	0	0	0	0	0	0	0	0	0	0	0	0	0	0	0	0	0	0	0	0	0	0
0	0	0	0	0	0	0	0	0	0	0	0	0	0	0	0	0	0	0	0	0	0	0	0	0	0	0	0	0	0	0	0	0	0	0	0	0	0	0	0	0	0	0	0	0	0	0	0	0	0	0	0	0	0
p247
0.00000	0.10860	0.22184	0.06957	0.00000	0.33503	0.27695	0.16669	0.07907	0.00000	0.37515	0.40317	0.43020	0.45529	0.32646	0.23651	0.34282	0.16407	0.08233	0.00000	0.39113	0.39581	0.44865	0.44573	0.50000	0.50000	0.44331	0.44402	0.42536	0.40670	0.44668	0.26087	0.33195	0.16685	0.08396	0.00000	0.44943	0.47408	0.47253	0.47112	0.46537	0.44786	0.45451	0.46119	0.50000	0.50000	0.54379	0.56980	0.55170	0.42026	0.40522	0.37094	0.42002	0.42897	0.00000	0.24868	0.31238	0.16988	0.08467	0.00000	0.45095	0.47505	0.45305	0.50000	0.50000	0.50000	0.50000	0.50000	0.50000	0.50000	0.55445	0.55192	0.60870	0.66497	0.61457	0.38505	0.34403	0.42348	0.39591	0.08375	0.26441	0.17043	0.08185	0.00000	0.41216	0.47573	0.50000	0.44173	0.47347	0.52471	0.52480	0.52482	0.52743	0.53501	0.77816	0.89140	0.54572	0.55967	0.60936	0.59870	0.69740	0.66584	0.33682	0.38163	0.16547	0.25295	0.39090	0.00000	0.16155	0.08089	0.00000	0.93016	1.00000	0.41946	0.50000	0.52575	0.44633	0.47134	0.50000	0.54628	0.54901	0.54957	0.54974	0.55849	0.57723	0.82720	0.60237	0.61940	0.66442	0.73596	0.33375	0.24587	0.38489	0.23885	0.08091	0.16102	0.06934	0.00000	0.91837	1.00000	0.42969	0.52737	0.55260	0.46593	0.50000	0.52932	0.56911	0.57349	0.57654	0.57772	0.60077	0.63212	0.83494	0.67182	0.74811	0.32850	0.40387	0.31297	0.25161	0.17423	0.10860	0.32571	0.91793	1.00000	0.45743	0.55654	0.57849	0.55749	0.50000	0.53457	0.59940	0.61043	0.61172	0.65313	0.68681	0.83164	0.74984	0.38220	0.44790	0.38167	0.29743	0.22184	0.38040	0.91436	1.00000	0.50000	0.59399	0.57467	0.53964	0.65604	0.65269	0.73261	0.82463	0.44230	0.50000	0.44176	0.38941	0.33503	0.44616	0.91261	1.00000	0.54698	0.62780	0.59461	0.68515	0.73244	0.82371	0.50000	0.55385	0.50000	0.45167	0.43020	0.50000	0.91297	1.00000	0.60954	0.66969	0.74842	0.82700	0.55505	0.61167	0.55083	0.50000	0.54378	0.91441	1.00000	0.67653	0.74590	0.83038	0.61393	0.66622	0.60950	0.56980	0.91569	1.00000	0.74044	0.83112	0.69814	0.66497	0.91721	1.00000	0.82815	0.77816	0.92828	1.00000	0.89140	1.00000
0.00000	0.00000	0.00000	0.06984	0.10000	0.00000	0.07642	0.08798	0.15228	0.20000	0.06275	0.13930	0.00000	0.04819	0.15678	0.15103	0.23234	0.19540	0.24787	0.30000	0.19720	0.26156	0.10259	0.16531	0.00000	0.06220	0.42945	0.39987	0.37214	0.32140	0.45815	0.23923	0.30567	0.29287	0.34665	0.40000	0.48466	0.47119	0.44313	0.41427	0.37814	0.22661	0.28623	0.34087	0.12720	0.19221	0.04486	0.00000	0.09560	0.44686	0.41443	0.36916	0.47458	0.50070	0.50000	0.34351	0.37565	0.39357	0.44559	0.60000	0.51409	0.49964	0.53935	0.45714	0.48571	0.42857	0.40000	0.36510	0.25718	0.31741	0.15676	0.21584	0.05884	0.00000	0.12432	0.45740	0.42566	0.53233	0.50088	0.54373	0.43694	0.48959	0.64369	0.70000	0.56216	0.52789	0.51429	0.56618	0.55678	0.47152	0.44423	0.49963	0.41602	0.38456	0.00000	0.00000	0.34206	0.28240	0.18546	0.23832	0.08763	0.16165	0.49812	0.54293	0.58905	0.53838	0.58319	0.80000	0.68632	0.74393	0.90000	0.07091	0.00000	0.59660	0.54286	0.52783	0.59927	0.58531	0.57143	0.43313	0.48523	0.45715	0.51380	0.40901	0.37503	0.08953	0.32788	0.27908	0.23284	0.17549	0.58464	0.63295	0.62719	0.72744	0.84519	0.78840	0.92900	1.00000	0.15345	0.10000	0.62941	0.55616	0.54027	0.61820	0.60000	0.58564	0.49908	0.43881	0.47118	0.52356	0.41199	0.37226	0.20731	0.31395	0.26386	0.67302	0.67613	0.76750	0.82603	0.90983	1.00000	0.83277	0.25294	0.20000	0.65902	0.56896	0.55128	0.59721	0.63490	0.62010	0.49866	0.45673	0.54047	0.42607	0.37865	0.30405	0.34953	0.73499	0.71189	0.80033	0.91178	1.00000	0.87116	0.35106	0.30000	0.68259	0.58318	0.62743	0.65822	0.49764	0.56831	0.43918	0.39965	0.77276	0.74282	0.83789	0.94083	1.00000	0.90247	0.44952	0.40000	0.71413	0.62779	0.67804	0.61793	0.55298	0.49786	0.80779	0.77418	0.87280	0.95224	1.00000	0.93780	0.54854	0.50000	0.73914	0.68734	0.64689	0.59733	0.83850	0.80291	0.90198	1.00000	0.95476	0.64649	0.60000	0.76784	0.73360	0.69214	0.87132	0.83177	0.93939	1.00000	0.74425	0.70000	0.82083	0.78421	0.90896	1.00000	0.84401	0.80000	0.90885	1.00000	0.92686	0.90000	1.00000	1.00000
t452
0	4	2	1	1	7	8	8	9	6	5	10	6	14	7	15	17	7	18	18	19	11	14	20	10	22	22	11	12	24	25	15	31	14	21	16	16	33	33	34	34	35	30	38	26	39	27	40	28	23	20	41	21	42	43	29	25	22	44	23	25	24	44	48	26	28	27	26	29	32	51	30	49	52	55	55	32	56	57	57	54	58	58	36	37	36	38	63	37	65	39	66	40	67	43	45	41	68	69	42	45	70	68	71	47	48	47	70	74	49	75	51	76	51	60	53	52	53	75	59	79	80	80	76	79	81	81	82	83	61	60	64	61	62	77	85	62	64	63	89	86	91	65	90	66	92	67	93	69	96	97	71	98	97	99	73	72	72	98	100	102	102	75	77	77	78	82	104	104	105	105	84	108	107	109	109	95	87	84	86	85	114	115	87	88	87	114	118	90	91	89	120	121	115	122	92	119	93	123	94	100	125	96	124	126	97	99	99	128	100	100	101	130	103	130	108	131	131	106	132	133	110	134	134	135	135	110	137	125	112	139	116	140	118	141	141	142	117	143	118	117	144	145	122	121	119	120	146	148	142	149	123	123	124	150	129	138	126	151	153	129	129	153	133	131	155	140	132	155	158	158	159	158	134	160	159	161	138	139	138	143	140	145	165	165	166	167	144	143	168	169	169	149	146	148	148	171	166	172	150	150	151	173	152	152	154	154	174	156	155	164	156	177	157	180	180	181	180	179	180	162	163	162	168	164	167	165	166	187	187	185	188	188	172	173	170	190	190	176	191	174	175	175	176	178	177	185	178	193	179	196	197	196	195	182	183	184	183	194	201	202	202	201	203	203	204	191	189	204	192	192	191	194	193	207	208	207	195	198	211	211	209	198	199	200	199	208	215	215	216	216	205	217	206	206	205	209	219	219	220	212	221	212	222	222	223	213	214	213	220	226	226	217	218	218	217	221	229	229	220	231	221	232	231	224	225	224	235	235	228	228	227	237	235	237	238	237	233	234	233	241	236	241	242	241	239	240	239	245	245	244	246
1	0	5	2	7	2	4	3	4	5	12	12	10	10	6	6	8	15	9	8	9	20	20	21	13	11	23	23	24	25	22	14	17	16	29	21	32	18	17	19	18	19	37	37	38	38	39	39	40	41	41	42	42	43	40	43	44	44	45	45	24	47	25	25	30	27	26	49	28	29	28	36	30	36	33	31	51	55	34	33	35	35	34	60	61	61	63	64	64	63	65	65	66	66	67	68	68	69	67	69	44	44	45	45	72	46	73	48	48	52	50	50	50	76	62	60	53	77	52	54	54	57	55	80	58	58	57	59	59	85	85	86	86	87	87	88	88	63	65	63	64	64	66	65	67	66	69	67	68	69	68	70	70	71	71	94	73	100	74	101	80	76	78	84	103	103	79	79	81	81	80	106	82	83	83	82	112	113	113	114	114	86	86	116	117	117	118	117	92	89	90	89	90	91	91	93	92	96	93	95	94	95	97	96	97	99	98	128	98	125	129	129	105	106	102	104	104	105	113	130	108	107	107	109	109	108	134	110	111	139	138	140	132	114	114	115	115	143	140	144	144	118	118	120	119	123	121	120	121	122	122	124	150	126	124	125	152	127	126	127	152	154	128	131	130	130	156	156	157	135	133	136	159	135	137	160	158	162	163	163	164	164	141	141	142	142	145	168	168	144	144	145	146	148	147	171	147	149	149	151	173	153	151	162	175	175	176	153	177	177	178	178	179	179	159	158	160	181	182	161	183	184	184	185	185	165	166	172	169	167	168	168	169	170	189	171	186	172	191	189	191	183	192	192	193	193	194	194	195	195	180	181	197	198	198	199	200	200	185	185	187	186	188	188	187	202	205	205	190	199	206	206	207	207	194	194	209	209	210	197	196	212	212	213	214	214	201	201	203	203	202	217	216	213	218	218	207	207	208	208	209	209	222	211	212	212	224	225	225	215	215	216	227	224	228	228	219	219	220	226	223	229	222	232	233	234	234	230	226	233	236	236	231	237	229	232	238	239	240	240	237	239	235	238	242	243	244	244	242	241	246	245
3	3	6	7	3	6	3	7	8	10	10	13	14	11	15	14	7	17	8	17	18	14	16	16	22	10	11	20	13	13	13	31	15	31	32	32	31	17	31	18	33	34	36	30	30	26	26	27	27	20	21	21	29	29	28	28	22	23	23	41	46	46	48	46	49	50	50	50	51	51	50	52	52	53	31	32	56	32	33	55	58	34	57	53	36	60	37	37	61	38	38	39	39	40	40	41	42	42	43	43	70	48	71	70	46	72	72	74	72	75	49	76	75	56	77	77	78	78	78	79	58	55	56	56	81	57	80	79	82	60	62	61	85	77	84	62	87	89	90	90	91	89	92	92	93	93	96	96	97	97	71	98	74	99	98	100	100	74	101	74	76	75	102	103	78	102	104	81	105	80	102	103	104	109	82	108	111	84	106	85	88	115	91	113	87	116	88	88	119	120	121	121	119	122	120	123	123	124	124	125	125	111	126	126	127	127	128	127	101	129	101	128	102	130	103	131	105	130	132	106	131	134	109	135	108	133	136	136	138	111	111	113	113	141	115	142	122	116	116	117	143	145	141	146	147	147	148	148	147	149	146	150	147	151	151	152	125	153	153	128	154	128	154	155	155	132	132	155	133	133	157	134	135	159	136	136	157	152	138	162	140	156	165	142	166	149	165	143	164	169	145	167	170	170	171	170	150	172	170	173	171	174	174	175	154	176	153	176	155	157	156	177	157	161	158	161	159	159	161	182	175	162	183	164	178	186	186	186	167	186	188	169	187	189	171	189	172	189	174	173	173	192	176	191	177	179	178	193	179	182	182	180	180	182	196	192	183	199	201	188	186	190	203	187	202	190	189	190	205	206	191	205	193	195	208	201	195	198	196	196	210	198	210	206	199	213	215	203	216	202	204	204	204	218	205	217	219	208	220	215	221	219	210	210	223	221	218	213	224	226	216	227	216	228	217	227	229	220	230	230	221	231	223	223	228	224	233	226	227	236	227	235	229	230	230	231	231	236	233	239	235	241	236	237	237	241	239	243	241	243	243	243
